0001                                                          233168    0.000002
0002                                                         4613732    0.000002
0003                                                            6857    0.004865
0004                                                          906609    0.000016
0005                                                       232792560    0.000001
0006                                                        25164150    0.000001
0007                                                          104743    0.000432
0008                                                     23514624000    0.000035
0009                                                        31875000    0.000001
0010                                                    142913828922    0.009887
0011                                                        70600674    0.000002
0012                                                        76576500    0.205036
0013                                                      5537376230    0.000069
0014                                                          837799    0.295465
0015                                                    137846528820    0.000002
0016                                                            1366    0.000041
0017                                                           21124    0.000001
0018                                                            1074    0.000024
0019                                                             171    0.000007
0020                                                             648    0.000034
0021                                                           31626    0.003077
0022                                                       871198282    0.001376
0023                                                         4179871    0.015737
0024                                                      2783915460    0.007023
0025                                                            4782    0.000208
0026                                                             983    0.000526
0027                                                          -59231    0.034310
0028                                                       669171001    0.000001
0029                                                            9183    0.000101
0030                                                          443839    0.035315
0031                                                           73682    0.000005
0032                                                           45228    0.036826
0033                                                             100    0.000001
0034                                                           40730    0.039711
0035                                                              55    0.057683
0036                                                          872187    0.000035
0037                                                          748317    0.120911
0038                                                       932718654    0.005192
0039                                                             840    0.000888
0040                                                             210    0.000001
0041                                                         7652413    0.012257
0042                                                             162    0.000341
0043                                                     16695334890    0.027481
0044                                                         5482660    0.113944
0045                                                      1533776805    0.000229
0046                                                            5777    0.000980
0047                                                          134043    0.009155
0048                                                      9110846700    0.001480
0049                                                    296962999629    0.000270
0050                                                          997651    0.003970
0051                                                          121313    0.012421
0052                                                          142857    0.005752
0053                                                            4075    0.000161
0054                                                             376    0.001111
0055                                                             249    0.001551
0056                                                             972    0.000358
0057                                                             153    0.002806
0058                                                           26241    0.324825
0059                                                          129448    0.000090
0060                                                           26033    4.590594
0067                                                            7273    0.000195
